lat=35.646107
lon=139.703774
api= EU3vu4CjWgLp7Zhub9Py