uid=94
uid2=95
lat=34.482597
lon=136.163349
api=q1LKu7RQ8s5pmyxunnDW
gw1=107.161.164.166
gw2=107.161.164.163
s1e=1
s1f=120
s2e=1
s2f=120
3g=0