devid=10016
lat=35.745923
lon=139.918063
alt=60
api=AzQLKPwQqkyCTDGZHSdy
tws=300
ups=300
autow=1
rst=7
alm=150
tz=9
trb=0